-1.3469 -3.1067 -25.265 -0.43132 -1.9166 -0.30755 -1.7684 0.25998
-2.8377 -2.9745 8.5879 -0.34326 -1.9869 -0.43268 0.55088 -0.11569
-7.728 -9.3197 -60.837 -1.1334 -6.0421 -1.2705 -4.4048 0.5665
-2.4563 2.0986 14.191 0.57577 2.2335 -0.13469 0.8554 0.059186
2.6299 -0.37183 -0.045402 -0.051856 -0.50147 0.15212 -0.0031699 0.00022819
-2.7083 1.4812 -13.163 0.48245 1.8189 -0.19814 -0.78327 -0.069123
-5.911 -5.7849 55.172 -0.61696 -3.6319 -0.87451 4.015 -0.50332
-3.8512 -5.9464 38.533 -0.7407 -3.6322 -0.6908 2.7846 -0.34984
0.83321 -2.3218 -21.166 -0.38392 -1.1343 -0.052679 -1.487 0.21308
2.9436 -1.5642 10.326 -0.32781 -0.31109 0.19629 0.66256 -0.14491
15.056 -3.0639 -21.618 -0.94953 0.92967 1.2828 -1.7386 0.068767
17.7 1.7676 39.639 -0.17455 4.4734 1.9539 2.1623 -0.83463
-26.145 -0.51328 0.74681 1.1608 -3.4173 -2.0523 0.051788 -0.0058865
18.858 0.50429 -41.615 -0.4286 3.8662 1.9807 -2.2903 0.86027
11.738 -1.8564 18.696 -0.64129 1.1123 1.0401 1.5111 -0.057941
4.3585 -3.833 17.256 -0.70818 -1.2383 0.2106 1.3114 -0.11332
