6.6021 -2.731 -9.0835 -1.2171 -0.20337 0.91216 -1.4382 0.23775
13.791 -5.5631 -21.26 -2.5169 -0.19904 1.8956 -3.4208 0.54061
20.746 -8.9439 -67.138 -3.8309 0.89808 2.8101 -10.756 1.765
-11.223 2.3334 15.455 2.0816 1.967 -1.9868 1.9724 0.064722
14.262 -5.3308 -0.27648 -2.3609 -8.7484 1.6974 -0.0444 0.0043896
-11.46 2.4032 -14.874 2.1214 1.9544 -2.0191 -1.8781 -0.077627
22.039 -9.3119 65.759 -4.0477 0.96482 2.9881 10.538 -1.7287
13.267 -5.4054 20 -2.4296 -0.17599 1.8252 3.2279 -0.50557
6.8245 -2.7875 10.624 -1.2532 -0.18336 0.94234 1.6493 -0.28945
7.5619 -2.9596 -5.9196 -1.3734 -0.21891 1.0465 -0.98312 0.13627
12.87 -5.1655 -3.8448 -2.3586 -0.31688 1.7876 -0.90965 -0.01245
22.923 -9.7448 -4.1238 -4.2946 -0.68369 3.2169 -1.692 -0.29197
-19.934 -1.5653 61.698 2.1215 -3.7221 -2.3563 6.6738 -2.7912
-29.371 4.6173 0.27326 4.2446 -2.7656 -3.7846 0.050727 -0.0050329
-20.817 -1.3095 -61.512 2.2704 -3.7864 -2.4774 -6.6341 2.7887
23.023 -9.7392 4.8537 -4.3059 -0.64112 3.2294 1.7763 0.26183
13.364 -5.3124 2.9394 -2.4415 -0.32462 1.8549 0.76778 0.036419
7.295 -2.8653 6.7453 -1.3266 -0.19454 1.01 1.0914 -0.16587
-0.90108 -0.15733 0.012797 0.020586 -0.41679 -0.18137 0.002179 -0.00042489
