17.644 -6.7616 -443.2 -3.3063 -2.4867 2.5962 -58.712 6.0833
-2.3093e-013 9.4147e-014 4.5475e-013 4.3299e-014 4.2411e-014 -3.3085e-014 4.9738e-014 -5.3291e-015
-10.568 1.518 29.964 1.8374 5.8362 -1.8197 3.2528 0.5537
3.2863e-013 -1.0669e-013 -7.2475e-013 -5.7981e-014 -4.402e-014 4.7712e-014 -9.5035e-014 7.7161e-015
3.1923 -1.9116 -2.4283 -0.41556 -3.5829 0.091759 -0.32052 0.035069
1.5987e-014 -4.4409e-015 1.9895e-013 -2.5535e-015 -4.4409e-016 2.276e-015 1.7764e-014 -2.2204e-015
-9.8677 1.2757 -32.136 1.7064 5.7363 -1.7128 -3.5521 -0.54107
3.5527e-015 4.4409e-016 -2.2737e-013 2.2204e-016 2.2204e-016 -1.1102e-016 -3.908e-014 4.4409e-016
5.5341 -2.4275 535.72 -1.014 -1.2443 0.74319 70.938 -7.3601
0 0 0 0 0 0 0 0
0 0 0 0 0 0 0 0
16.132 -6.1537 -289.88 -3.0166 -2.459 2.3732 -38.504 3.8552
0 0 0 0 0 0 0 0
30.568 -13.378 70.61 -5.9495 -5.9967 4.5289 7.1403 -3.2676
0 0 0 0 0 0 0 0
-36.032 3.6864 3.3406 4.935 -2.5649 -4.6133 0.42933 -0.068573
0 0 0 0 0 0 0 0
31.617 -13.798 -103.73 -6.1607 -6.0985 4.6976 -11.505 3.7667
0 0 0 0 0 0 0 0
11.787 -4.5161 244.85 -2.1641 -2.0896 1.6858 32.572 -3.2061
0 0 0 0 0 0 0 0
0 0 0 0 0 0 0 0
-0.27145 -0.3371 -0.51917 -0.087546 -0.53038 -0.09048 -0.068786 0.0070972
