5.0005 -2.2511 -1.4152 -0.96824 -0.58933 0.72234 -0.25662 -0.01421
7.9701 -3.5649 -14.553 -1.5378 -0.91913 1.1479 -2.1126 0.24311
10.423 -4.9673 -51.006 -2.0369 -1.0816 1.4819 -7.3586 0.94897
-2.5609 -1.106 -96.582 0.41053 2.8817 -0.65933 -14.291 2.3103
-14.662 3.4874 107.11 2.7046 4.991 -2.4935 14.556 -1.1485
3.8535 -2.138 -4.1995 -0.52955 -3.903 0.18016 -0.56172 0.084299
-12.127 2.5684 -14.043 2.2249 4.4748 -2.1024 -1.3436 -0.4842
24.663 -11.805 109.75 -4.7997 -1.7368 3.4697 15.614 -2.1475
5.2013 -2.3303 2.5857 -1.0075 -0.61787 0.75403 0.27725 -0.1162
8.4149 -3.7394 -6.3112 -1.629 -1.0415 1.224 -1.0189 0.014452
17.509 -7.8153 3.3233 -3.3937 -2.0958 2.5467 -0.090308 -0.47661
24.936 -13.301 71.64 -5.1774 -3.8411 3.7162 7.726 -3.0479
4.0748 -4.7608 64.177 -1.2683 -1.99 0.7301 7.4537 -2.3515
-40.743 4.7551 -0.44893 5.6488 -3.5528 -5.2097 -0.40602 -0.2151
15.422 -9.6544 -76.181 -3.4495 -3.4601 2.387 -7.5535 3.5966
24.828 -11.036 30.355 -4.7851 -2.596 3.5816 5.1025 -0.082359
-0.47311 -0.27481 0.14647 -0.050848 -0.45621 -0.12165 0.026551 -0.0010105
