0.86003 -0.3339 -46.088 -0.15652 -0.10944 0.12011 -6.6049 0.79606
-1.9986 0.85357 -89.526 0.383 0.13208 -0.28956 -12.852 1.5379
19.834 -9.0258 86.749 -3.8372 -1.9074 2.8338 12.327 -1.5558
-2.1793 0.90199 -254.3 0.44376 0.41204 -0.35537 -36.873 4.1866
-1.471 0.081709 -89.335 0.23241 0.34441 -0.24252 -13.182 1.3802
-8.8741 1.1001 30.327 1.6042 4.2729 -1.6417 3.7172 0.24441
4.7478 -2.6211 9.1279 -0.71108 -3.9668 0.30513 1.3347 -0.1444
-7.9524 0.63498 -6.6974 1.4245 4.2183 -1.5157 -0.26183 -0.61923
1.0271 -0.4841 -33.363 -0.20119 -0.15184 0.14768 -4.7789 0.57861
0.90761 -0.32557 -73.608 -0.16199 -0.13575 0.12752 -10.57 1.2565
22.392 -9.8957 83.604 -4.2973 -2.1637 3.2043 11.882 -1.5162
12.732 -5.7397 -98.323 -2.4601 -1.3785 1.8269 -14.543 1.397
18.224 -8.1132 19.101 -3.5099 -1.8449 2.6154 2.3767 -0.58152
34.969 -19.203 167.86 -7.3302 -5.3832 5.192 21.456 -4.7023
-54.509 11.401 -59.298 8.3846 -1.9599 -7.1935 -8.7137 0.89823
44.208 -23.42 57.181 -9.1101 -6.2548 6.5016 11.65 1.3054
-0.18901 -0.41514 1.9961 -0.1066 -0.47592 -0.08165 0.29191 -0.031621
