6.6124 -2.9455 -49.87 -1.269 -0.72138 0.94289 -6.8937 0.99973
5.5172 -2.5506 19.748 -1.0709 -0.52544 0.78595 2.502 -0.52277
16.16 -7.8561 -114.6 -3.1456 -1.1557 2.2472 -16.481 2.0144
-10.935 2.0763 24.841 2.004 4.4272 -1.9308 2.894 0.31727
2.7068 -1.6939 0.68367 -0.31647 -3.7707 0.013596 0.097076 -0.014215
-10.359 1.793 -22.962 1.8943 4.3979 -1.8539 -2.6185 -0.34499
11.726 -5.7529 99.449 -2.2992 -0.79296 1.642 14.335 -1.736
13.665 -6.1896 51.379 -2.6416 -1.4025 1.9546 7.4364 -0.84792
6.7473 -2.9517 -41.274 -1.2913 -0.7478 0.96669 -5.7243 0.8113
7.3655 -3.0981 17.082 -1.3938 -0.71121 1.055 2.1269 -0.49161
21.201 -9.3737 -38.906 -4.0819 -2.2741 3.0533 -6.2537 0.18572
8.7322 -7.3145 75.022 -2.2604 -2.8564 1.4422 7.9019 -3.2279
-38.829 4.3 0.9018 5.3539 -3.4827 -4.9508 0.12017 -0.021564
10.785 -8.2849 -73.502 -2.65 -3.0107 1.7208 -7.6172 3.237
16.346 -7.2534 36.671 -3.1568 -1.7605 2.3621 5.8708 -0.19744
15.566 -6.6919 38.295 -2.9702 -1.6232 2.2377 5.6732 -0.52415
-0.61904 -0.21795 0.1576 -0.023362 -0.43635 -0.14288 0.022602 -0.0030528
