14.343 -5.8858 -75.403 -2.7066 -1.6925 2.0765 -10.605 1.3731
16.552 -6.8237 -153.87 -3.1337 -2.0441 2.4048 -21.711 2.7974
-8.9942 1.2818 18.191 1.625 4.0238 -1.637 1.9474 0.35202
3.158 -1.8865 -0.58677 -0.40343 -3.8361 0.080521 -0.081894 0.002813
-9.7534 1.5658 -37.589 1.7665 4.1182 -1.7491 -4.7041 -0.10274
9.8701 -5.2421 187.97 -1.9206 0.24512 1.2943 26.904 -3.2951
7.1854 -3.3866 64.613 -1.3831 -0.42506 0.99888 9.2816 -1.0965
8.3155 -3.743 37.334 -1.5933 -0.72502 1.1777 5.4187 -0.6021
13.543 -5.5536 -52.435 -2.5575 -1.5834 1.9641 -7.4396 0.89505
16.978 -6.8733 -59.701 -3.1933 -1.8984 2.4606 -8.6889 0.86354
16.538 -10.311 54.657 -3.6866 -3.4345 2.5491 5.1947 -2.8357
-42.393 5.6774 13.822 6.0066 -3.178 -5.4694 1.9299 -0.23789
16.474 -10.517 -109.45 -3.735 -3.9964 2.583 -12.748 3.8282
17.961 -7.9647 38.47 -3.4482 -1.7025 2.5758 6.2757 -0.15243
9.8425 -4.1943 19.249 -1.8629 -0.89039 1.4048 3.0053 -0.17593
9.9766 -4.2391 16.686 -1.8876 -0.94617 1.4252 2.5603 -0.18768
-0.50081 -0.26892 -0.4022 -0.046792 -0.45936 -0.12502 -0.05725 0.0044538
