16.551 -6.7482 -28.155 -3.0311 -0.30171 2.2765 -4.4932 0.72816
16.143 -7.0879 -62.81 -2.9886 1.0124 2.174 -10.04 1.6633
-10.389 2 15.219 1.9291 1.9449 -1.8713 1.9295 0.06888
12.659 -4.6881 -0.29116 -2.0679 -8.704 1.4758 -0.042144 0.0064112
-10.678 2.0919 -14.56 1.9787 1.931 -1.9108 -1.8298 -0.086347
18.59 -7.9363 62.841 -3.4181 1.0741 2.5109 10.068 -1.6556
11.154 -4.5599 19.236 -2.0435 -0.11304 1.5329 3.1071 -0.4855
12.363 -5.0187 15.166 -2.2663 -0.37867 1.7074 2.3985 -0.39765
16.81 -6.6701 -8.3913 -3.0697 -0.43808 2.3334 -1.6605 0.093332
18.508 -7.9715 -2.239 -3.4874 -0.56509 2.6065 -1.3741 -0.33415
-20.585 -1.3076 61.684 2.2401 -3.7022 -2.4464 6.6738 -2.79
-27.307 3.7888 -0.041272 3.8671 -2.8232 -3.4991 -0.0054095 0.00088944
-21.199 -1.1527 -61.309 2.3406 -3.7781 -2.5301 -6.6022 2.7831
19.13 -8.1795 4.1991 -3.5945 -0.52858 2.691 1.6768 0.28039
11.195 -4.443 2.812 -2.0451 -0.26271 1.555 0.75134 0.041074
12.735 -5.0228 9.9038 -2.3189 -0.38421 1.7638 1.6451 -0.22851
-0.94019 -0.14144 0.019155 0.027753 -0.41576 -0.18677 0.0031598 -0.00060655
