6.5079 -2.6934 -9.1385 -1.1999 -0.20028 0.89914 -1.4473 0.23905
13.614 -5.4922 -21.36 -2.4845 -0.1932 1.871 -3.4374 0.54295
20.59 -8.8816 -67.187 -3.8024 0.9033 2.7885 -10.765 1.7659
-11.146 2.3024 15.495 2.0674 1.9644 -1.976 1.9791 0.063821
14.047 -5.2448 -0.41822 -2.3216 -8.7413 1.6676 -0.067482 0.0078538
-11.332 2.352 -14.782 2.098 1.9502 -2.0013 -1.8633 -0.079923
21.312 -9.0218 65.224 -3.915 0.98847 2.8875 10.452 -1.7152
12.923 -5.2678 19.756 -2.3667 -0.16476 1.7776 3.1884 -0.49947
6.651 -2.7182 10.5 -1.2215 -0.17771 0.91835 1.6294 -0.28638
5.0823 -2.0499 5.2999 -0.93026 -0.1693 0.70234 0.82622 -0.143
2.6753 -1.07 -0.43497 -0.48838 -0.089957 0.36955 -0.029084 0.025253
7.4478 -2.914 -5.9901 -1.3525 -0.21517 1.0308 -0.99469 0.13797
12.662 -5.0823 -3.9781 -2.3206 -0.31005 1.7588 -0.93143 -0.0092189
22.555 -9.5976 -4.3591 -4.2274 -0.67162 3.1659 -1.7305 -0.28626
-20.001 -1.5382 61.618 2.1339 -3.7199 -2.3657 6.6615 -2.789
-29.141 4.5255 0.42562 4.2026 -2.7731 -3.7528 0.075518 -0.0087636
-20.863 -1.2907 -61.508 2.2789 -3.7847 -2.4839 -6.6341 2.7883
22.458 -9.5137 4.4712 -4.2028 -0.62268 3.1512 1.7142 0.27126
13.074 -5.1966 2.7437 -2.3886 -0.31515 1.8148 0.73602 0.041233
7.129 -2.799 6.6299 -1.2963 -0.18912 0.98707 1.0728 -0.163
5.2358 -2.0587 3.669 -0.95203 -0.16029 0.72439 0.59213 -0.091133
2.471 -1.007 -0.38753 -0.45457 -0.09388 0.34283 -0.023291 0.023735
-0.90656 -0.15513 0.0090145 0.021589 -0.4166 -0.18213 0.0015659 -0.00033122
